# Created by Octave 6.3.0, Thu Aug 26 17:47:15 2021 GMT <unknown@DESKTOP-09CH82C>
# name: Theta2
# type: matrix
# rows: 10
# columns: 26
 -0.48066489376907046 -0.35331636407831235 0.19328883840106748 -0.11541997473517002 -0.50331886366359913 -0.1756555315484529 -0.17016216473974941 0.12181400016668542 -0.052395219240296914 0.011899362650252225 0.17174093207572408 -0.10220123894901906 -0.19303648345139066 0.077000141722858031 -0.10212982772675075 -0.013744162436710658 -0.3919282207026708 -0.41709943461734161 -0.20432541953990849 -0.07600969778582338 -0.25270512514610277 -0.21776697176083712 -0.29627201488332444 -0.050313742252460436 -0.23971930588352364 -0.048295993517863574
 -0.29869568530061991 -0.3108610385968677 -0.046718031712815661 -0.23746289385408198 0.0069537467187356008 -0.25480765310153319 -0.28901455003208415 -0.24360610416764383 -0.025264978414817778 -0.20288435943639693 -0.23880985709192162 -0.2588471266977671 -0.046264576999380073 -0.26596384724585664 -0.13921102665085619 -0.1095231838251015 -0.40911306367831896 -0.21023595571466064 0.087784596816672736 -0.366794698515784 -0.29615971832193244 -0.22621268157358101 0.090194359652885595 -0.076775929689157515 -0.12450798284659438 -0.24343280361386052
 -0.29978417850997052 -0.26241671590318433 -0.055604060352049768 -0.033842362392012867 -0.24841959814061032 -0.1572030808373307 -0.39562446442753108 -0.22167278675258104 -0.20727840267361688 -0.29311290416989683 -0.20431819542532448 0.034942464085024688 -0.085831027669347693 0.07481693862342198 -0.2217441113338473 -0.016046280221430807 -0.20151654931735069 0.014467208628649147 -0.27406035326333633 -0.14279975136958936 -0.17869367810086825 -0.44113058670185773 -0.37273699191254406 0.058653799987335165 -0.2574303760163002 -0.29229270651198813
 -0.20394437116700331 0.31987278461496249 -0.26178131937096133 -0.32158353365348152 -0.24382863506643859 -0.19296871990347486 0.011004077630234206 -0.040561833351754825 -0.35564487503635539 -0.29755050975291136 -0.01409473105740037 -0.357493976137507 -0.36864272580580265 -0.38637100185139278 -0.11833452554519226 -0.055015260216776649 -0.12260443002342916 -0.28603643343889806 -0.015623397197337411 -0.14902660788626548 -0.26333895832283294 -0.04638468237079188 -0.25522633663697486 -0.25766753481958748 -0.036032144937296506 -0.19393609642377196
 -0.39404353293659716 -0.19081589642460262 -0.18781314187984247 -0.00022524546991741726 -0.24056931166591075 -0.17151070621663428 -0.049728837629784126 -0.12094110418646123 -0.23849426898852569 -0.14040772518293274 -0.032864376011835006 -0.058434961246319313 -0.18762424142394463 -0.20622194394231652 -0.077778024393073103 -0.13824595488222005 -0.055391938970363479 -0.22362241342382616 -0.24180424845896836 -0.22688589372894752 -0.24762732044168906 -0.20624218662884455 -0.23665442634782241 -0.041535006358161063 -0.061294264617261153 -0.2833109207694115
 -0.43785189495957283 -0.10545459464637182 -0.30546533663489878 -0.17927402096545525 -0.062183571673685739 -0.2963891506426265 -0.21879947769694322 -0.35311606454944622 -0.34454137107830735 -0.26649060613768472 0.031712504433584698 -0.17864143563982765 0.056732202442041614 -0.308199620950595 -0.077950852347763042 -0.26134983337653139 0.0014479134837772798 -0.15631191912330064 -0.049864256149188893 -0.24478734261222995 -0.47815469514209519 0.19185001987947825 -0.046757351935778596 -0.26796272138887978 0.13242251024253149 -0.25475035362892196
 -0.31040945188063213 -0.074691969165189276 -0.19948234321545216 -0.10837144957680059 -0.42016565558512264 0.089843511796351472 -0.12428072895471962 0.036552096759062069 -0.12376681320740648 -0.020081531127833004 -0.22303590295254364 -0.064574610772856256 -0.61029338701943936 -0.32675779417988993 -0.13938586172933973 -0.3146619333734384 -0.099567127046805218 -0.10069091073228641 -0.32620896995126264 -0.0031400481455587693 -0.24462842757280276 -0.29465198596373671 -0.036254368133304953 -0.25420983173243211 -0.1314986541343019 -0.0032937794955506857
 -0.20725739156840539 -0.24842189988224814 0.00066221956304159807 -0.22275989537826468 -0.1460946259665441 -0.33691319410789322 -0.20908517778925015 -0.2612923951266356 -0.056700694730041745 -0.01824956454506663 -0.11563006386207117 -0.27298635245838315 -0.22696598207965105 0.095231711325391308 -0.18388587049259325 -0.29314521042713998 -0.25937621329212363 -0.26317689503153141 -0.38304603664511427 -0.28554918776075217 -0.1075321791179243 -0.22383354243041279 -0.19994800339495003 -0.15969467763378248 -0.28197135771325793 -0.096168568785230502
 -0.23635801666173581 0.11583583826306845 -0.13180702257179749 -0.13700029920973733 -0.32190708347724395 -0.299382529587226 -0.23841390830882661 0.067160680088754962 -0.30735194556835144 -0.12325493014121944 -0.19220231814121089 -0.29156968571417025 -0.4144803182231539 -0.29172815807346364 -0.12071142335179715 -0.086549826622432532 -0.11143092275087305 -0.25754689619997917 -0.18506402187670426 -0.21191254098750642 -0.11593424175171156 5.1577117426912077e-05 -0.24682778184791487 -0.11983746844223239 -0.25845902787639924 -0.088297839105907314
 -0.28294906961633681 -0.35590357176269838 -0.45774392681990994 0.19670471850766161 0.0054250413512888281 -0.13097855540409473 -0.24088687613437351 -0.56141801975745043 -0.03111380248582387 -0.31787310396111629 -0.31496178538145386 0.1193831003388067 -0.1117242860864678 -0.48012238643704536 -0.14742085266742735 -0.35569298576354358 -0.20595679523137905 -0.053682593381533014 -0.17208845028513689 -0.022951432467742377 0.0078148524274058526 0.010080536893228183 -0.14399900477087435 -0.13515861325960063 -0.097211853240420268 -0.66294377547849814


