# Created by Octave 6.3.0, Thu Aug 26 16:16:57 2021 GMT <unknown@DESKTOP-09CH82C>
# name: Theta2
# type: matrix
# rows: 10
# columns: 26
 -0.46286128702814866 0.12951767425904734 -0.35630053558228059 -2.8644912142083085 -0.3107482379315003 -3.36187516598183 -3.3808946641890114 -1.0680502109680428 2.7815348415941368 1.202326994658222 1.1383767596971417 1.6434423363269239 -0.091377464985311935 -1.2379095146607653 2.6516721354631061 -1.7260481698729664 -2.228160902462069 1.5843703804327098 -0.047406080137715419 -0.20202939657159388 -2.0074998360498371 -0.18543856668439668 -1.2901591377020833 -1.7271431897262697 0.086221061738854105 1.8696587956154525
 -1.8027486896232161 -1.3550501443734817 -2.2901286890926134 -4.7821094541971298 3.3105845158508216 2.2180775104483983 2.1374360823639877 -1.8078109705077385 -1.8276776421593917 -0.56309482781338216 0.36995031722021982 -1.6973712991389323 -2.6394338971944835 1.5854443898391783 0.8895741123762051 2.5525926328631749 2.858231232632173 2.5774018320419088 1.4408176006298135 -2.6330192876103427 -1.0311669683073539 -1.1840500054339618 0.31224573570732156 -2.2735311440774479 -1.2335536732225996 -3.1703724778926188
 -2.5982651491788307 -0.8232104220307932 1.3589103920713359 1.808443438637974 -1.2538864506935814 0.13426374616013784 1.2493967682726947 2.1230416730014876 -2.6986010158328293 -3.282069147976665 -0.80546160906433162 -2.3227999688044858 2.7677818024065712 -5.031372521083922 -2.6112354856848929 -1.6850722368404392 -1.2612893590921284 3.2958840567295997 0.33903077441194651 -2.5004219944528066 -2.9239809544748443 -0.30373827158557454 3.091615096517915 -0.97071776921480613 1.7130983333660519 1.7023681260387802
 -4.3376986100020769 -2.9089730745127551 -1.6916427003345451 0.95508454435038015 -0.22093264200548401 0.7964262647595689 -1.0042285111316187 3.6259988735297548 -2.6537811436045997 1.1824837580711622 4.3045515507701273 -1.8474876640594544 -0.91261527084224159 -0.17180039599932387 -3.3416401338030957 0.33717577169697444 1.3631618505195051 -0.5361695615435178 0.50918488798106221 2.3548261053869259 1.0246782821167952 0.60992818561162077 -2.7093433663575071 -2.5668601155628794 -3.7407660661372515 1.3479178876447713
 -1.0394949153937321 -0.90147606900314203 0.24724795202970049 -2.4268549922806257 -0.30995976482210014 -2.454063091729247 2.6607759657442362 -0.0084660129720355842 4.8513916839905491 -3.0865851740069088 0.40703884370706195 -0.74835116884043384 0.60248070459164904 3.4326143369872391 0.93295153413106302 -3.3085027266106479 -1.1042508314038144 -0.83881974045596253 -3.6580894959757817 -0.25463134156841682 3.6047761614909364 -4.0935537210288953 -2.6540291620646368 1.5756536845359312 -0.60879426351743537 0.56285101229069845
 -2.3259171135801306 1.9840926948239972 -1.0867698963828949 -0.10195401720513901 -2.7304980692726004 -2.3849998053716965 -3.3604779408259828 2.5948865211824756 1.9493270368461999 -0.50673539257731703 0.13886772362296776 -1.1380391138485886 -0.54554038811915073 0.25835013754026781 0.23034508420775185 0.78730963798530529 1.7108493462338936 -2.3001288525655652 -1.6735458941896986 -3.1695303243258075 -2.0359152891258785 2.8489831419936986 -0.069382859180498302 0.45961825018097835 1.4407850462883032 -1.5704544563264169
 -2.5680679747058113 1.6850309787528517 2.0416350860438532 -2.1004666903681839 -1.0256540862140842 0.38585837913110205 1.5245140884329373 1.5882377784697408 0.028330389662545422 -0.0071105319541598065 -1.967688596577549 3.1833697472874505 -1.2401699713939958 -3.0866010817575171 -3.1835718859004802 3.0531660692023115 -2.3513550380889034 1.120341418019273 -1.0635931143355559 1.4220830742083541 1.9975190045995903 -0.3245699637469196 -1.1142205952646631 -2.7315272268978688 -1.2141171522436827 -2.7820843283520706
 -3.2903304855803523 -1.2283406520400755 2.7327436745765716 2.09891875710181 -4.5774312313516745 1.9399370663497066 -0.28706739310967727 -1.3247752610047008 -2.8131193894804865 2.2540706122079817 -0.61165095176540218 -3.2685707915810069 -4.9079865951362089 1.5451212513988941 1.3766511382916076 -2.5054495455139678 -3.1145823540758375 -3.2480139966635728 1.5953702305585289 1.4494181733427067 -2.3410321385789699 -1.6792890362546822 -0.84900596807971007 0.54998466442692018 0.31295165759980964 -2.3363594569474921
 -1.3268913757769687 -2.943178566926608 -3.8239534501447889 2.6373057894180136 1.0725600203576415 0.49971458797926832 -1.9828137549866851 -5.0318454187593149 -1.0636277105102947 1.8406617854839937 -5.3430671800487328 1.8257181487908665 1.9537802662588903 0.69399736839320814 -0.32585792742855918 -2.287673267817075 1.8363400821351001 -2.6810050732832167 -1.4613499370024459 -0.88879917390727825 0.17896619322448787 0.34291028750885799 -1.8244208090595733 0.40739594784686711 3.2785844972950033 1.350135372055987
 -4.503896520212332 1.4610761807460311 -0.41463932353363814 1.3376542268961868 1.7301992684058398 -0.87324724994716696 0.10855643180271901 -1.0842217614640992 -1.0195998382034597 -0.95981773444625396 -2.7281068404717734 -1.5031474178153919 0.88258583097146037 1.0991751987147751 0.63587562343900395 1.5230402840839452 -1.7284698332768926 -2.4453370690272163 -1.6826794138372112 2.2039132299093089 -1.5626973435626001 2.5561492909639307 1.468068405695212 -0.80936430276322135 -3.6004804490780122 -1.2739687232204127


